v  -0.077075 -0.114789 0.436676
v  -0.208856 -0.019046 0.390402
v  -0.026740 0.040128 0.390403
v  -0.301276 0.048101 0.265403
v  -0.208856 -0.019046 0.390402
v  -0.340638 -0.114789 0.289730
v  -0.077075 -0.114789 0.436676
v  -0.026740 0.040128 0.390403
v  0.085816 -0.114789 0.390402
v  -0.077075 -0.114789 0.436676
v  0.085816 -0.114789 0.390402
v  -0.026740 -0.269707 0.390403
v  -0.077075 -0.114789 0.436676
v  -0.026740 -0.269707 0.390403
v  -0.208856 -0.210533 0.390402
v  -0.301276 0.048101 0.265403
v  -0.340638 -0.114789 0.289730
v  -0.371749 -0.019045 0.126837
v  0.008561 0.148775 0.265403
v  -0.158522 0.135874 0.289731
v  -0.077075 0.195049 0.126837
v  0.200053 -0.114789 0.265402
v  0.136152 0.040129 0.289730
v  0.217599 -0.019045 0.126837
v  0.008561 -0.378353 0.265403
v  0.136152 -0.269707 0.289730
v  0.105044 -0.365454 0.126837
v  -0.301276 -0.277679 0.265403
v  -0.158522 -0.365452 0.289731
v  -0.259193 -0.365454 0.126837
v  -0.301276 0.048101 0.265403
v  -0.371749 -0.019045 0.126837
v  -0.259193 0.135875 0.126837
v  0.008561 0.148775 0.265403
v  -0.077075 0.195049 0.126837
v  0.105044 0.135875 0.126837
v  0.200053 -0.114789 0.265402
v  0.217599 -0.019045 0.126837
v  0.217599 -0.210533 0.126837
v  0.008561 -0.378353 0.265403
v  0.105044 -0.365454 0.126837
v  -0.077075 -0.424627 0.126837
v  -0.301276 -0.277679 0.265403
v  -0.259193 -0.365454 0.126837
v  -0.371749 -0.210533 0.126837
v  -0.162711 0.148775 -0.011729
v  -0.290302 0.040129 -0.036056
v  -0.127410 0.040128 -0.136728
v  0.147126 0.048101 -0.011728
v  0.004372 0.135874 -0.036056
v  0.054706 -0.019046 -0.136728
v  0.147126 -0.277679 -0.011728
v  0.186488 -0.114789 -0.036056
v  0.054706 -0.210533 -0.136728
v  -0.162711 -0.378353 -0.011729
v  0.004372 -0.365452 -0.036056
v  -0.127410 -0.269707 -0.136728
v  -0.354202 -0.114789 -0.011727
v  -0.290302 -0.269707 -0.036056
v  -0.239966 -0.114789 -0.136727
v  -0.239966 -0.114789 -0.136727
v  -0.127410 -0.269707 -0.136728
v  -0.077075 -0.114789 -0.183001
v  -0.239966 -0.114789 -0.136727
v  -0.290302 -0.269707 -0.036056
v  -0.127410 -0.269707 -0.136728
v  -0.290302 -0.269707 -0.036056
v  -0.162711 -0.378353 -0.011729
v  -0.127410 -0.269707 -0.136728
v  -0.127410 -0.269707 -0.136728
v  0.054706 -0.210533 -0.136728
v  -0.077075 -0.114789 -0.183001
v  -0.127410 -0.269707 -0.136728
v  0.004372 -0.365452 -0.036056
v  0.054706 -0.210533 -0.136728
v  0.004372 -0.365452 -0.036056
v  0.147126 -0.277679 -0.011728
v  0.054706 -0.210533 -0.136728
v  0.054706 -0.210533 -0.136728
v  0.054706 -0.019046 -0.136728
v  -0.077075 -0.114789 -0.183001
v  0.054706 -0.210533 -0.136728
v  0.186488 -0.114789 -0.036056
v  0.054706 -0.019046 -0.136728
v  0.186488 -0.114789 -0.036056
v  0.147126 0.048101 -0.011728
v  0.054706 -0.019046 -0.136728
v  0.054706 -0.019046 -0.136728
v  -0.127410 0.040128 -0.136728
v  -0.077075 -0.114789 -0.183001
v  0.054706 -0.019046 -0.136728
v  0.004372 0.135874 -0.036056
v  -0.127410 0.040128 -0.136728
v  0.004372 0.135874 -0.036056
v  -0.162711 0.148775 -0.011729
v  -0.127410 0.040128 -0.136728
v  -0.127410 0.040128 -0.136728
v  -0.239966 -0.114789 -0.136727
v  -0.077075 -0.114789 -0.183001
v  -0.127410 0.040128 -0.136728
v  -0.290302 0.040129 -0.036056
v  -0.239966 -0.114789 -0.136727
v  -0.290302 0.040129 -0.036056
v  -0.354202 -0.114789 -0.011727
v  -0.239966 -0.114789 -0.136727
v  -0.371749 -0.210533 0.126837
v  -0.290302 -0.269707 -0.036056
v  -0.354202 -0.114789 -0.011727
v  -0.371749 -0.210533 0.126837
v  -0.259193 -0.365454 0.126837
v  -0.290302 -0.269707 -0.036056
v  -0.259193 -0.365454 0.126837
v  -0.162711 -0.378353 -0.011729
v  -0.290302 -0.269707 -0.036056
v  -0.077075 -0.424627 0.126837
v  0.004372 -0.365452 -0.036056
v  -0.162711 -0.378353 -0.011729
v  -0.077075 -0.424627 0.126837
v  0.105044 -0.365454 0.126837
v  0.004372 -0.365452 -0.036056
v  0.105044 -0.365454 0.126837
v  0.147126 -0.277679 -0.011728
v  0.004372 -0.365452 -0.036056
v  0.217599 -0.210533 0.126837
v  0.186488 -0.114789 -0.036056
v  0.147126 -0.277679 -0.011728
v  0.217599 -0.210533 0.126837
v  0.217599 -0.019045 0.126837
v  0.186488 -0.114789 -0.036056
v  0.217599 -0.019045 0.126837
v  0.147126 0.048101 -0.011728
v  0.186488 -0.114789 -0.036056
v  0.105044 0.135875 0.126837
v  0.004372 0.135874 -0.036056
v  0.147126 0.048101 -0.011728
v  0.105044 0.135875 0.126837
v  -0.077075 0.195049 0.126837
v  0.004372 0.135874 -0.036056
v  -0.077075 0.195049 0.126837
v  -0.162711 0.148775 -0.011729
v  0.004372 0.135874 -0.036056
v  -0.259193 0.135875 0.126837
v  -0.290302 0.040129 -0.036056
v  -0.162711 0.148775 -0.011729
v  -0.259193 0.135875 0.126837
v  -0.371749 -0.019045 0.126837
v  -0.290302 0.040129 -0.036056
v  -0.371749 -0.019045 0.126837
v  -0.354202 -0.114789 -0.011727
v  -0.290302 0.040129 -0.036056
v  -0.259193 -0.365454 0.126837
v  -0.077075 -0.424627 0.126837
v  -0.162711 -0.378353 -0.011729
v  -0.259193 -0.365454 0.126837
v  -0.158522 -0.365452 0.289731
v  -0.077075 -0.424627 0.126837
v  -0.158522 -0.365452 0.289731
v  0.008561 -0.378353 0.265403
v  -0.077075 -0.424627 0.126837
v  0.105044 -0.365454 0.126837
v  0.217599 -0.210533 0.126837
v  0.147126 -0.277679 -0.011728
v  0.105044 -0.365454 0.126837
v  0.136152 -0.269707 0.289730
v  0.217599 -0.210533 0.126837
v  0.136152 -0.269707 0.289730
v  0.200053 -0.114789 0.265402
v  0.217599 -0.210533 0.126837
v  0.217599 -0.019045 0.126837
v  0.105044 0.135875 0.126837
v  0.147126 0.048101 -0.011728
v  0.217599 -0.019045 0.126837
v  0.136152 0.040129 0.289730
v  0.105044 0.135875 0.126837
v  0.136152 0.040129 0.289730
v  0.008561 0.148775 0.265403
v  0.105044 0.135875 0.126837
v  -0.077075 0.195049 0.126837
v  -0.259193 0.135875 0.126837
v  -0.162711 0.148775 -0.011729
v  -0.077075 0.195049 0.126837
v  -0.158522 0.135874 0.289731
v  -0.259193 0.135875 0.126837
v  -0.158522 0.135874 0.289731
v  -0.301276 0.048101 0.265403
v  -0.259193 0.135875 0.126837
v  -0.371749 -0.019045 0.126837
v  -0.371749 -0.210533 0.126837
v  -0.354202 -0.114789 -0.011727
v  -0.371749 -0.019045 0.126837
v  -0.340638 -0.114789 0.289730
v  -0.371749 -0.210533 0.126837
v  -0.340638 -0.114789 0.289730
v  -0.301276 -0.277679 0.265403
v  -0.371749 -0.210533 0.126837
v  -0.208856 -0.210533 0.390402
v  -0.158522 -0.365452 0.289731
v  -0.301276 -0.277679 0.265403
v  -0.208856 -0.210533 0.390402
v  -0.026740 -0.269707 0.390403
v  -0.158522 -0.365452 0.289731
v  -0.026740 -0.269707 0.390403
v  0.008561 -0.378353 0.265403
v  -0.158522 -0.365452 0.289731
v  -0.026740 -0.269707 0.390403
v  0.136152 -0.269707 0.289730
v  0.008561 -0.378353 0.265403
v  -0.026740 -0.269707 0.390403
v  0.085816 -0.114789 0.390402
v  0.136152 -0.269707 0.289730
v  0.085816 -0.114789 0.390402
v  0.200053 -0.114789 0.265402
v  0.136152 -0.269707 0.289730
v  0.085816 -0.114789 0.390402
v  0.136152 0.040129 0.289730
v  0.200053 -0.114789 0.265402
v  0.085816 -0.114789 0.390402
v  -0.026740 0.040128 0.390403
v  0.136152 0.040129 0.289730
v  -0.026740 0.040128 0.390403
v  0.008561 0.148775 0.265403
v  0.136152 0.040129 0.289730
v  -0.340638 -0.114789 0.289730
v  -0.208856 -0.210533 0.390402
v  -0.301276 -0.277679 0.265403
v  -0.340638 -0.114789 0.289730
v  -0.208856 -0.019046 0.390402
v  -0.208856 -0.210533 0.390402
v  -0.208856 -0.019046 0.390402
v  -0.077075 -0.114789 0.436676
v  -0.208856 -0.210533 0.390402
v  -0.026740 0.040128 0.390403
v  -0.158522 0.135874 0.289731
v  0.008561 0.148775 0.265403
v  -0.026740 0.040128 0.390403
v  -0.208856 -0.019046 0.390402
v  -0.158522 0.135874 0.289731
v  -0.208856 -0.019046 0.390402
v  -0.301276 0.048101 0.265403
v  -0.158522 0.135874 0.289731

vt 1.0 1.0
vt 1.0 0.0
vt 0.0 0.0
vt 0.0 1.0

i 1 2 3 4 5 6 7 8 9 10 11 12 13 14 15 16 17 18 19 20 21 22 23 24 25 26 27 28 29 30 31 32 33 34 35 36 37 38 39 40 41 42 43 44 45 46 47 48 49 50 51 52 53 54 55 56 57 58 59 60 61 62 63 64 65 66 67 68 69 70 71 72 73 74 75 76 77 78 79 80 81 82 83 84 85 86 87 88 89 90 91 92 93 94 95 96 97 98 99 100 101 102 103 104 105 106 107 108 109 110 111 112 113 114 115 116 117 118 119 120 121 122 123 124 125 126 127 128 129 130 131 132 133 134 135 136 137 138 139 140 141 142 143 144 145 146 147 148 149 150 151 152 153 154 155 156 157 158 159 160 161 162 163 164 165 166 167 168 169 170 171 172 173 174 175 176 177 178 179 180 181 182 183 184 185 186 187 188 189 190 191 192 193 194 195 196 197 198 199 200 201 202 203 204 205 206 207 208 209 210 211 212 213 214 215 216 217 218 219 220 221 222 223 224 225 226 227 228 229 230 231 232 233 234 235 236 237 238 239 240